ADENI2 (WC)
N1      3.6787242582  -0.8677781269   0.0050901210 
C2      2.2894127270   1.2559074764   0.0012239332 
C3     -0.3590854755   0.9939654748   0.0001597518 
C4     -1.2931927580  -1.4703788440  -0.0023556126 
N5      0.0441680443  -3.6196302659  -0.0027367866 
C6      2.5104571512  -3.1356961739   0.0021989801 
N7     -2.2692077113   2.7566527612   0.0034823951 
C8     -4.3424042872   1.3612097988   0.0022196530 
N9     -3.8718730679  -1.1802518049  -0.0017795020 
N10     3.4358871294   3.5144371875  -0.0181993116 
H11     3.7705580623  -4.7476172207   0.0046770916 
H12    -6.2399137111   2.0978776035   0.0041139532 
H13    -5.1506223979  -2.5879816577  -0.0029123256 
H14     5.3489920182   3.6292427758   0.0818571883 
H15     2.3571579720   5.0714191601   0.0677336750 

ADENIN (stack)
C1     -0.3605620366  -0.9917184948   0.0020734088 
N2     -2.2726400021  -2.7547546686  -0.0149879593 
C3     -4.3439136417  -1.3577455703  -0.0108696028 
H4     -6.2415468655  -2.0946838893  -0.0207392017 
N5     -3.8768741400   1.1844008941   0.0081688343 
H6     -5.1585358182   2.5893767953   0.0131424027 
C7     -1.2971988626   1.4751180449   0.0112056553 
N8      0.0482207951   3.6126036093   0.0109607651 
C9      2.5190762752   3.1173753278  -0.0106665733 
H10     3.7589609546   4.7429250451  -0.0213432921 
N11     3.6947729752   0.8585870682  -0.0230119119 
C12     2.2832222961  -1.2320917303  -0.0040287705 
N13     3.4332059942  -3.5253508517   0.0846581415 
H14     2.3796031187  -5.0390525412  -0.3690184729 
H15     5.2771572340  -3.5584129908  -0.3698350063 

